0 2 [1, 2, 4] 

0 3 [2, 6, 9] 

0 5 [2] 

0 6 [4, 8, 9] 

0 7 [9] 

0 8 [8] 

1 1 [2, 4, 7] 

1 2 [4, 7] 

1 6 [3, 7, 8] 

1 7 [3] 

1 8 [7] 

1 7 [3] 

1 8 [7] 

1 6 [3, 7, 8] 

1 7 [3, 4] 

1 8 [4, 7] 

2 0 [2] 

2 3 [3, 5] 

2 4 [5] 

2 5 [1] 

2 6 [7] 

2 8 [4] 

2 8 [4] 

2 6 [1, 7] 

2 8 [4] 

2 5 [1] 

2 6 [1, 5, 7] 

2 8 [4] 

2 4 [3, 5] 

2 5 [1] 

2 6 [1, 3, 5, 7] 

2 8 [4] 

2 3 [2, 3, 5] 

2 4 [3, 5] 

2 5 [1] 

2 6 [1, 3, 5, 7] 

2 8 [2, 4] 

3 1 [4] 

3 2 [4] 

3 3 [7, 9] 

3 5 [7] 

3 6 [5] 

3 7 [2] 

3 7 [2, 5] 

3 6 [5] 

3 7 [2, 5] 

3 5 [7] 

3 6 [5] 

3 7 [2, 5] 

3 3 [7, 9] 

3 5 [7] 

3 6 [5] 

3 7 [2, 5] 

1 2 [2, 4, 7] 

1 6 [3, 7, 8] 

1 7 [2, 3, 4] 

1 8 [2, 4, 7] 

2 0 [2] 

2 3 [2, 3, 5] 

2 4 [3, 5] 

2 5 [1] 

2 6 [1, 3, 5, 7] 

2 8 [2, 4, 7] 

3 1 [4] 

3 2 [4] 

3 3 [5, 7, 9] 

3 5 [1, 7] 

3 6 [5, 7] 

3 7 [2, 5] 

1 1 [2, 4, 7] 

1 2 [2, 4, 7] 

1 6 [3, 7, 8] 

1 7 [2, 3, 4] 

1 8 [2, 4, 7, 8] 

2 0 [2] 

2 3 [2, 3, 5] 

2 4 [3, 5] 

2 5 [1] 

2 6 [1, 3, 5, 7] 

2 8 [2, 4, 7] 

3 1 [4] 

3 2 [4] 

3 3 [5, 7, 9] 

3 5 [1, 7] 

3 6 [5, 7] 

3 7 [2, 5] 

0 8 [8] 

1 1 [2, 4, 7] 

1 2 [2, 4, 7] 

1 6 [3, 7, 8] 

1 7 [2, 3, 4] 

1 8 [2, 4, 7, 8] 

2 0 [2] 

2 3 [2, 3, 5] 

2 4 [3, 5] 

2 5 [1] 

2 6 [1, 3, 5, 7] 

2 8 [2, 4, 7] 

3 1 [4] 

3 2 [4] 

3 3 [5, 7, 9] 

3 5 [1, 7] 

3 6 [5, 7] 

3 7 [2, 5] 

0 7 [4, 9] 

0 8 [4, 8] 

1 1 [2, 4, 7] 

1 2 [2, 4, 7] 

1 6 [3, 4, 7, 8] 

1 7 [2, 3, 4] 

1 8 [2, 4, 7, 8] 

2 0 [2] 

2 3 [2, 3, 5] 

2 4 [3, 5] 

2 5 [1] 

2 6 [1, 3, 4, 5, 7] 

2 8 [2, 4, 7] 

3 1 [4] 

3 2 [4] 

3 3 [5, 7, 9] 

3 5 [1, 7] 

3 6 [5, 7] 

3 7 [2, 5] 

0 6 [4, 8, 9] 

0 7 [2, 4, 9] 

0 8 [2, 4, 8] 

1 1 [2, 4, 7] 

1 2 [2, 4, 7] 

1 6 [3, 4, 7, 8] 

1 7 [2, 3, 4] 

1 8 [2, 4, 7, 8] 

2 0 [2] 

2 3 [2, 3, 5] 

2 4 [3, 5] 

2 5 [1, 2] 

2 6 [1, 3, 4, 5, 7] 

2 8 [2, 4, 7] 

3 1 [2, 4] 

3 2 [2, 4] 

3 3 [5, 7, 9] 

3 5 [1, 7] 

3 6 [5, 7] 

3 7 [2, 5] 

4 1 [2] 

4 2 [2] 

4 4 [5] 

4 6 [6] 

4 6 [5, 6, 7] 

4 7 [2, 5] 

5 1 [8] 

5 2 [3] 

5 6 [5] 

5 6 [3, 5] 

5 7 [3] 

6 0 [1, 3] 

6 2 [5] 

6 2 [5] 

6 0 [1, 3] 

6 2 [3, 5] 

5 2 [3] 

5 6 [3, 5] 

5 7 [3] 

6 0 [1, 3] 

6 2 [3, 5] 

5 1 [8] 

5 2 [3] 

5 6 [3, 5] 

5 7 [3, 5] 

6 0 [1, 3, 9] 

6 2 [3, 4, 5, 7, 9] 

6 3 [5, 7, 9] 

6 4 [4] 

6 5 [4] 

6 8 [4] 

7 0 [3] 

7 0 [3] 

6 4 [4, 5] 

6 5 [4, 7] 

6 8 [4] 

7 0 [2, 3] 

7 1 [2, 7, 8] 

7 2 [2, 3, 7] 

7 6 [6] 

7 6 [3, 6] 

7 7 [3] 

8 0 [1] 

8 1 [5] 

8 2 [5] 

8 3 [2] 

8 5 [4] 

8 5 [4] 

8 3 [2] 

8 5 [4] 

8 1 [1, 5] 

8 2 [5] 

8 3 [2] 

8 5 [4] 

8 6 [1] 

8 0 [1, 2, 3] 

8 1 [1, 2, 4, 5] 

8 2 [2, 3, 4, 5] 

8 3 [2, 5] 

8 5 [2, 4] 

8 6 [1, 3, 4, 6] 

0 5 [2] 

0 6 [4, 8, 9] 

0 7 [2, 4, 9] 

0 8 [2, 4, 8] 

1 1 [2, 4, 7] 

1 2 [2, 4, 7] 

1 6 [3, 4, 7, 8] 

1 7 [2, 3, 4] 

1 8 [2, 4, 7, 8] 

2 0 [2] 

2 3 [2, 3, 5] 

2 4 [3, 5] 

2 5 [1, 2] 

2 6 [1, 3, 4, 5, 7] 

2 8 [2, 4, 7] 

3 1 [2, 4] 

3 2 [2, 4] 

3 3 [5, 7, 9] 

3 5 [1, 7] 

3 6 [5, 7] 

3 7 [2, 5] 

4 1 [2] 

4 2 [2, 6] 

4 4 [5] 

4 6 [5, 6, 7] 

4 7 [2, 5] 

5 1 [8] 

5 2 [3] 

5 6 [3, 5] 

5 7 [3, 5] 

6 0 [1, 3, 9] 

6 2 [3, 4, 5, 7, 9] 

6 3 [5, 7, 9] 

6 4 [4, 5] 

6 5 [4, 7] 

6 8 [4] 

7 0 [2, 3] 

7 1 [2, 7, 8] 

7 2 [2, 3, 7] 

7 6 [3, 6] 

7 7 [3] 

8 0 [1, 2, 3] 

8 1 [1, 2, 4, 5] 

8 2 [2, 3, 4, 5] 

8 3 [2, 5] 

8 5 [2, 4] 

8 6 [1, 3, 4, 6] 

0 3 [2, 6, 9] 

0 5 [1, 2] 

0 6 [1, 4, 8, 9] 

0 7 [1, 2, 4, 9] 

0 8 [2, 4, 8] 

1 1 [2, 4, 7] 

1 2 [2, 4, 7] 

1 6 [3, 4, 7, 8] 

1 7 [2, 3, 4] 

1 8 [2, 4, 7, 8] 

2 0 [1, 2] 

2 3 [2, 3, 5] 

2 4 [3, 5] 

2 5 [1, 2] 

2 6 [1, 3, 4, 5, 7] 

2 8 [2, 4, 7] 

3 1 [2, 4] 

3 2 [2, 4] 

3 3 [5, 7, 9] 

3 5 [1, 7] 

3 6 [5, 7] 

3 7 [2, 5] 

4 1 [2] 

4 2 [2, 6] 

4 4 [5] 

4 6 [5, 6, 7] 

4 7 [2, 5] 

5 1 [8] 

5 2 [3] 

5 6 [3, 5] 

5 7 [3, 5] 

6 0 [1, 3, 9] 

6 2 [1, 3, 4, 5, 7, 9] 

6 3 [5, 7, 9] 

6 4 [4, 5] 

6 5 [4, 7] 

6 8 [4] 

7 0 [2, 3] 

7 1 [2, 7, 8] 

7 2 [2, 3, 7] 

7 6 [3, 6] 

7 7 [3] 

8 0 [1, 2, 3] 

8 1 [1, 2, 4, 5] 

8 2 [1, 2, 3, 4, 5] 

8 3 [2, 5] 

8 5 [2, 4] 

8 6 [1, 3, 4, 6] 

