11100000 00000000 00000000 00000001
00001000 00000001 00000000 00000010
01001000 00000010 00000000 00000011
00000000 00100010 00011000 00000000
00000100 01000001 00100000 00000000
01000000 00100010 00101000 00000000
01000100 00100010 00110000 00000000
11101000 00000000 00000000 00001110
10011000 01000001 00100000 00000000
10011100 00100011 00000000 00000101
11010000 00100101 00000000 00000001
11010000 00100101 00000000 00000001
01100000 00000101 00101000 10000000
11111100 00000000 00000000 00000000
11000000 00100110 00000000 00000010
11000100 00100101 00000000 00000010
11100111 11100000 00000000 00000000